x
Intensity at q= [ 7  8 10 13 14 16 17 18]
7 7 [7.46040039e+10 3.59239352e+08 1.51128128e+10 5.79689761e+09
 6.07165183e+10 1.00709130e+10 2.89949671e+11 4.11651053e+10
 1.77918936e+12 7.44333030e+10 3.73657666e+11 9.76628796e+10
 8.68467550e+10 2.66929826e+11 2.03727062e+11 1.31779666e+11
 2.53362019e+12]
7 8 [ 3.88795980e+11  2.61571201e+09  2.04717266e+11 -8.20340167e+09
 -7.74104703e+11 -1.84272209e+10  9.57559624e+11 -2.31883077e+11
 -1.02441331e+12 -2.28183185e+11  1.25385319e+12  3.28050533e+11
 -5.06845783e+10  1.12833607e+12  1.05736468e+12  5.39381891e+11
  1.01782194e+13]
7 10 [4.30305440e+10 1.75729060e+08 1.21816215e+10 1.55575659e+09
 5.77001986e+09 2.24494439e+09 1.38787365e+11 1.43070780e+10
 6.55762953e+11 2.60745781e+10 1.25294371e+11 6.06494485e+10
 8.97665092e+10 1.87662876e+11 6.22278977e+09 2.28675837e+10
 9.23257863e+11]
7 13 [ 6.91517849e+10  3.94919512e+08  6.90291137e+09  2.91168291e+09
  6.43485046e+10  4.68712966e+08  1.10568542e+11  2.72410840e+10
  2.57353445e+11 -8.88801840e+09 -2.03724069e+11  7.81154299e+10
  1.25090415e+11  1.74000359e+11 -3.05294193e+11 -2.52275386e+11
 -1.42994671e+12]
7 14 [5.59459438e+10 2.69395523e+08 1.13331796e+10 4.34712470e+09
 4.55316437e+10 7.55223185e+09 2.17434818e+11 3.08699339e+10
 1.33422367e+12 5.58179343e+10 2.80207893e+11 7.32379187e+10
 6.51268487e+10 2.00172112e+11 1.52776019e+11 9.88222800e+10
 1.89997541e+12]
7 16 [ 1.65548297e+11  1.64431399e+09  5.96757692e+10 -1.58687988e+09
 -1.12107502e+11 -5.45534941e+09 -1.79026659e+11 -1.20733206e+11
 -3.45426890e+12 -3.19665689e+11 -1.18714306e+12  2.29956974e+11
  4.44160148e+11  6.07469710e+11 -7.07153430e+11 -4.53926533e+10
  2.07173467e+12]
7 17 [ 3.78980686e+11  2.93328749e+09  1.14905937e+11 -4.58035667e+08
 -2.23590035e+11 -2.49665083e+10  2.10300495e+11 -9.30106923e+10
 -2.69442600e+12 -5.79231815e+10  1.35981928e+12 -6.89346524e+11
 -9.79633905e+11 -2.96292036e+11 -3.08281938e+11 -3.01523623e+11
 -5.76144279e+11]
7 18 [ 4.23022516e+11  3.05062082e+09  1.98502993e+11 -1.71929391e+10
 -5.48217139e+11 -3.14977772e+10  1.20584401e+10 -1.02042719e+11
 -1.04206168e+12 -4.38999968e+10 -8.84516600e+11  6.97213543e+11
  1.49671511e+12  1.14965250e+12 -3.09806679e+11  1.20742802e+11
 -4.68753100e+11]
8 8 [2.02619573e+12 3.55149544e+10 2.77794530e+12 1.37368246e+10
 9.87667514e+12 3.65828790e+10 3.16243238e+12 1.30820272e+12
 5.90054071e+11 7.00429096e+11 4.20749479e+12 1.10312024e+12
 2.98628447e+10 4.77035401e+12 5.48783492e+12 2.20835346e+12
 4.08886101e+13]
8 10 [ 2.24252073e+11  1.05975775e+09  1.65266510e+11 -2.27888873e+09
 -7.33718265e+10 -4.18513901e+09  4.58346888e+11 -8.05672948e+10
 -3.77575618e+11 -7.99203518e+10  4.20440022e+11  2.03749732e+11
 -5.24287774e+10  7.93306530e+11  3.22963491e+10  9.36141117e+10
  3.70896865e+12]
8 13 [ 3.60381945e+11  2.35899276e+09  9.38156361e+10 -4.12457738e+09
 -8.21007662e+11 -6.80597864e+08  3.65146834e+11 -1.53455033e+11
 -1.48168835e+11  2.71318396e+10 -6.83607269e+11  2.62373796e+11
 -7.30937260e+10  7.35640633e+11 -1.58451041e+12 -1.03250809e+12
 -5.74446753e+12]
8 14 [ 2.91560197e+11  1.96153651e+09  1.53518579e+11 -6.15177504e+09
 -5.80505280e+11 -1.38186721e+10  7.18079113e+11 -1.73890367e+11
 -7.68213048e+11 -1.71115798e+11  9.40271252e+11  2.46006859e+11
 -3.80086379e+10  8.46145286e+11  7.92923461e+11  4.04485381e+11
  7.63270146e+12]
8 16 [ 8.62748766e+11  1.32880557e+10  8.11040033e+11  3.12513134e+09
  1.43037306e+12  9.61693160e+09 -5.91222995e+11  6.80079660e+11
  1.98888955e+12  9.79959370e+11 -3.98354616e+12  7.72015451e+11
 -2.59393146e+11  2.56782642e+12 -3.67020990e+12 -1.85776305e+11
  8.32269600e+12]
8 17 [ 1.97504369e+12  2.15972398e+10  1.56165347e+12 -4.46904672e+08
  2.85290737e+12  4.52540624e+10  6.94513418e+11  5.23426464e+11
  1.55145132e+12  1.77256641e+11  4.56299945e+12 -2.31529791e+12
  5.72182001e+11 -1.25232736e+12 -1.60002126e+12 -1.23405073e+12
 -2.31453824e+12]
8 18 [ 2.20456604e+12  1.92920171e+10  2.69780106e+12  2.36323087e+10
  6.99466225e+12  5.68572374e+10  3.98450364e+10  5.74834392e+11
  6.00035515e+11  1.34318977e+11 -2.96806161e+12  2.34204445e+12
 -8.74361785e+11  4.85976293e+12 -1.60793559e+12  4.94235757e+11
 -1.88313206e+12]
10 10 [2.48194148e+10 8.88940098e+07 9.83233226e+09 4.21331414e+08
 5.53510598e+08 5.02735906e+08 6.64320111e+10 4.97277632e+09
 2.41697236e+11 9.13435309e+09 4.20135375e+10 3.76644484e+10
 9.27901499e+10 1.31936850e+11 1.90277480e+08 3.96858282e+09
 3.36437664e+11]
10 13 [ 3.98857805e+10  2.00075207e+08  5.58029553e+09  7.76753192e+08
  6.09919322e+09  9.96148279e+07  5.29247709e+10  9.46764739e+09
  9.48536484e+10 -3.11532259e+09 -6.83125611e+10  4.85099534e+10
  1.29308707e+11  1.22335900e+11 -9.32450439e+09 -4.37753138e+10
 -5.21076609e+11]
10 14 [3.22688364e+10 1.31780167e+08 9.13506346e+09 1.16667024e+09
 4.32696893e+09 1.68349588e+09 1.04077391e+11 1.07289547e+10
 4.91760166e+11 1.95534664e+10 9.39589230e+10 4.54813476e+10
 6.73163880e+10 1.40729400e+11 4.66650352e+09 1.71485240e+10
 6.92356037e+11]
10 16 [ 9.54859377e+10  7.86795959e+08  4.82418646e+10 -4.69701967e+08
 -1.06255275e+10 -1.20542870e+09 -8.56930606e+10 -4.19613202e+10
 -1.27315390e+12 -1.11981385e+11 -3.98071530e+11  1.42795677e+11
  4.59118114e+11  4.27076800e+11 -2.15965023e+10 -7.87647361e+09
  7.54945976e+11]
10 17 [ 2.18590749e+11  1.43168338e+09  9.28895246e+10 -9.26207532e+07
 -2.11878774e+10 -5.54981694e+09  1.00662220e+11 -3.23323175e+10
 -9.93096530e+11 -2.02957760e+10  4.55972960e+11 -4.28084810e+11
 -1.01263456e+12 -2.08299553e+11 -9.41445241e+09 -5.23204724e+10
 -2.09947668e+11]
10 18 [ 2.43993459e+11  1.53124108e+09  1.60469279e+11 -4.58667936e+09
 -5.19597426e+10 -6.99592956e+09  5.77208237e+09 -3.54649379e+10
 -3.84077556e+11 -1.53825431e+10 -2.96595145e+11  4.32977717e+11
  1.54715770e+12  8.08258322e+11 -9.46078450e+09  2.09530663e+10
 -1.70813357e+11]
13 13 [6.40980257e+10 4.50342602e+08 3.28432054e+09 1.48631467e+09
 6.82518909e+10 3.29162092e+07 4.21668065e+10 1.80270007e+10
 3.72257012e+10 1.07596490e+09 1.11080615e+11 6.24808366e+10
 1.80203870e+11 1.13444083e+11 4.57499236e+11 4.82957064e+11
 8.07047127e+11]
13 14 [ 5.18572954e+10  2.96152267e+08  5.17653036e+09  2.18348668e+09
  4.82552897e+10  3.51490374e+08  8.29159440e+10  2.04282354e+10
  1.92990732e+11 -6.66517281e+09 -1.52773775e+11  5.85791810e+10
  9.38059754e+10  1.30483805e+11 -2.28941758e+11 -1.89182669e+11
 -1.07232473e+12]
13 16 [ 1.53449676e+11  1.76637582e+09  2.74283073e+10 -7.40946883e+08
 -1.18900656e+11 -2.76804717e+08 -6.82770756e+10 -7.98959785e+10
 -4.99647220e+11  3.81722762e+10  6.47277642e+11  1.83936534e+11
  6.39806818e+11  3.95984158e+11  1.05971144e+12  8.69005265e+10
 -1.16926560e+12]
13 17 [ 3.51283973e+11  3.21712275e+09  5.33847455e+10 -1.80048941e+08
 -2.37118337e+11 -1.18928846e+09  8.01953815e+10 -6.15484232e+10
 -3.89736825e+11  6.95616572e+09 -7.41415685e+11 -5.51376015e+11
 -1.41117090e+12 -1.93120173e+11  4.61980563e+11  5.77240368e+11
  3.25166335e+11]
13 18 [ 3.92107132e+11  3.44520081e+09  9.17242655e+10 -8.64396220e+09
 -5.81431675e+11 -1.51529560e+09  4.59580679e+09 -6.75271664e+10
 -1.50728775e+11  5.27499761e+09  4.82271533e+11  5.57663876e+11
  2.15608348e+12  7.49424329e+11  4.64265870e+11 -2.31143762e+11
  2.64553043e+11]
14 14 [4.19541642e+10 2.02021151e+08 8.49881235e+09 3.25993219e+09
 3.41444245e+10 5.66345928e+09 1.63055539e+11 2.31495295e+10
 1.00054151e+12 4.18581691e+10 2.10129406e+11 5.49215092e+10
 4.88389741e+10 1.50110144e+11 1.14567559e+11 7.41073593e+10
 1.42480178e+12]
14 16 [ 1.24145558e+11  1.23307990e+09  4.47511803e+10 -1.19000976e+09
 -8.40700191e+10 -4.09099587e+09 -1.34253055e+11 -9.05384805e+10
 -2.59037483e+12 -2.39719020e+11 -8.90244969e+11  1.72445971e+11
  3.33078084e+11  4.55544803e+11 -5.30298161e+11 -3.40401948e+10
  1.55360497e+12]
14 17 [ 2.84199655e+11  2.19968807e+09  8.61685799e+10 -3.43483410e+08
 -1.67671370e+11 -1.87225188e+10  1.57705472e+11 -6.97492185e+10
 -2.02056455e+12 -4.34369053e+10  1.01973579e+12 -5.16944666e+11
 -7.34632735e+11 -2.22190991e+11 -2.31182284e+11 -2.26114186e+11
 -4.32053693e+11]
14 18 [ 3.17226860e+11  2.28767696e+09  1.48858462e+11 -1.28930775e+10
 -4.11110981e+11 -2.36203526e+10  9.04268907e+09 -7.65223837e+10
 -7.81447658e+11 -3.29208437e+10 -6.63303756e+11  5.22844186e+11
  1.12239471e+12  8.62130593e+11 -2.32325695e+11  9.05456769e+10
 -3.51520471e+11]
16 16 [3.67356135e+11 7.63143012e+09 2.37127686e+11 9.40694142e+08
 2.07152714e+11 3.00464583e+09 1.10559400e+11 3.54101188e+11
 6.70643774e+12 1.37286444e+12 3.77177679e+12 5.41599389e+11
 2.27168700e+12 1.38246022e+12 2.45464250e+12 1.56364413e+10
 1.69405497e+12]
16 17 [ 8.40968363e+11  1.34453808e+10  4.56561882e+11 -2.13186165e+08
  4.13172926e+11  1.35935417e+10 -1.29840746e+11  2.72794203e+11
  5.23122549e+12  2.48764047e+11 -4.32034994e+12 -1.62321400e+12
 -5.01044342e+12 -6.74292239e+11  1.07010416e+12  1.03865492e+11
 -4.71106615e+11]
16 18 [ 9.38698372e+11  1.37300883e+10  7.88738154e+11  4.39335070e+09
  1.01299123e+12  1.71775088e+10 -7.43237909e+09  2.99281970e+11
  2.02316617e+12  1.88538605e+11  2.81027315e+12  1.64162683e+12
  7.65520763e+12  2.61634233e+12  1.07540065e+12 -4.15900936e+10
 -3.83288833e+11]
17 17 [1.92518300e+12 2.39545693e+10 8.82042957e+11 6.99519931e+08
 8.24311518e+11 6.20384109e+10 1.52572498e+11 2.10285208e+11
 4.08054812e+12 4.51834948e+10 4.94873173e+12 4.86575088e+12
 1.10510745e+13 3.28904777e+11 4.66514809e+11 6.89930470e+11
 1.31025499e+11]
17 18 [ 2.14891098e+12  2.48667316e+10  1.52119072e+12  1.70171853e+09
  2.02048593e+12  7.82875145e+10  8.78915159e+09  2.30557434e+11
  1.57814912e+12  3.42531973e+10 -3.21900205e+12 -4.92121941e+12
 -1.68844289e+13 -1.27610208e+12  4.68823937e+11 -2.76266004e+11
  1.06612487e+11]
18 18 [2.39863867e+12 2.64233627e+10 2.62572551e+12 5.12288497e+10
 4.95364509e+12 9.88171778e+10 5.58458546e+08 2.52952991e+11
 6.10350136e+11 2.59681338e+10 2.09388637e+12 4.97740820e+12
 2.57970491e+13 4.95150680e+12 4.71145340e+11 1.10631751e+11
 8.67584894e+10]


xxxxx


